000000017618
000100017119
000200019262
000300026222
000400004322
000500001918
000600025630
000700002575
000800025235
000900026977
001000002338
001100018422
001200017389
001300032655
001400032340
001500012589
001600013049
001700021776
001800031676
001900019131
002000008638
002100026861
002200011617
002300003496
002400030276
002500011821
002600013131
002700026364
002800002708
002900003032
003000008578
003100014272
003200011445
003300023799
003400000015
003500021756
003600007855
003700028816
003800019193
003900001974
004000005771
004100002478
004200029256
004300003320
004400015952
004500024406
004600023044
004700005577
004800013318
004900007314
005000023094
005100018226
005200002486
005300024681
005400016102
005500014905
005600017767
005700015844
005800018458
005900031721
006000024865
006100015369
006200010716
006300003399
006400019180
006500021986
006600003123
006700025437
006800025809
006900031351
007000002856
007100026418
007200001239
007300003278
007400014017
007500030158
007600029959
007700025585
007800004872
007900024634
008000029543
008100019176
008200006149
008300027517
008400012802
008500000185
008600012735
008700020639
008800022237
008900014446
009000016446
009100015529
009200031746
009300006415
009400006026
009500020642
009600012152
009700015778
009800032684
009900008594
010000029511
010100013617
010200013483
010300014465
010400015736
010500000707
010600026255
010700004728
010800030737
010900007521
011000014688
011100008318
011200000285
011300028690
011400017703
011500018332
011600010913
011700023006
011800005612
011900024793
012000015015
012100011725
012200011189
012300014653
012400027446
012500013032
012600031372
012700004560
012800027223
012900009270
013000027256
013100008091
013200023057
013300012479
013400022402
013500002981
013600020588
013700031628
013800004528
013900029430
014000022384
014100007076
014200023820
014300026263
014400027942
014500007184
014600029086
014700027535
014800000917
014900031702
015000031597
015100031462
015200000197
015300011776
015400006785
015500000421
015600016063
015700006549
015800025314
015900024787
016000002954
016100006558
016200023705
016300028024
016400010542
016500032034
016600000940
016700028829
016800019892
016900001833
017000018470
017100010056
017200008995
017300028348
017400003596
017500017028
017600018307
017700024289
017800011624
017900026454
018000019677
018100030370
018200029249
018300011976
018400014648
018500018695
018600007328
018700009697
018800001692
018900023831
019000024716
019100019881
019200008977
019300011738
019400026125
019500006953
019600028832
019700010840
019800018731
019900030568
020000017744
020100013722
020200006639
020300016238
020400027434
020500009895
020600023648
020700017476
020800008244
020900018567
021000002183
021100019185
021200005752
021300023107
021400002666
021500003197
021600029694
021700003810
021800016915
021900013809
022000021196
022100003436
022200000906
022300026708
022400016620
022500028906
022600005845
022700014510
022800016486
022900018531
023000014334
023100012296
023200018240
023300005855
023400005901
023500019305
023600016260
023700021350
023800022536
023900031705
024000001850
024100026881
024200004857
024300009824
024400028776
024500014007
024600021479
024700009223
024800016664
024900003985
025000006875
025100016853
025200013137
025300014997
025400023516
025500016595
025600029980
025700029389
025800032498
025900022023
026000010368
026100026433
026200024613
026300010875
026400025477
026500015096
026600020350
026700023351
026800012339
026900001274
027000004356
027100031041
027200003219
027300020559
027400023744
027500002467
027600027308
027700007168
027800024248
027900001381
028000012422
028100023315
028200014070
028300022925
028400014378
028500029843
028600031106
028700026405
028800020383
028900017285
029000011874
029100000820
029200014573
029300005875
029400020896
029500030403
029600010781
029700012772
029800021316
029900032473
030000019766
030100019297
030200005972
030300019582
030400016448
030500003697
030600030170
030700001210
030800005444
030900006684
031000015069
031100016534
031200021064
031300000362
031400009830
031500003353
031600029015
031700019300
031800027772
031900027468
032000024694
032100029457
032200013607
032300020533
032400000431
032500026490
032600007279
032700009438
032800011017
032900002981
033000012893
033100017999
033200009869
033300013980
033400031480
033500001423
033600012865
033700013159
033800028233
033900010149
034000000047
034100016652
034200030806
034300026012
034400013919
034500004757
034600031017
034700027769
034800028375
034900020233
035000017610
035100023878
035200014241
035300004465
035400009023
035500019723
035600004805
035700026836
035800020626
035900017614
036000030281
036100022586
036200031947
036300016793
036400019511
036500022188
036600019440
036700013427
036800029334
036900020272
037000022027
037100000613
037200015215
037300008401
037400010019
037500001141
037600027849
037700007828
037800016193
037900001965
038000016556
038100003971
038200004716
038300019733
038400025889
038500011941
038600002220
038700002484
038800031790
038900011010
039000032265
039100026258
039200007134
039300010147
039400017036
039500000183
039600020022
039700015247
039800006716
039900026924
040000004416
040100029134
040200015650
040300009464
040400022275
040500018793
040600022340
040700011555
040800001415
040900013671
041000002220
041100028342
041200030421
041300007376
041400025954
041500019128
041600030964
041700023213
041800030060
041900005681
042000019948
042100015877
042200013524
042300006697
042400011206
042500002528
042600005026
042700005033
042800015497
042900030022
043000030172
043100013240
043200007741
043300011072
043400013196
043500008031
043600025322
043700019157
043800006329
043900028581
044000004249
044100026382
044200025964
044300012690
044400008530
044500001777
044600019884
044700026158
044800000795
044900009609
045000031105
045100000642
045200006142
045300012763
045400001267
045500028565
045600013826
045700003825
045800000011
045900002671
046000010031
046100005074
046200028368
046300009241
046400010638
046500002950
046600018763
046700000410
046800028454
046900013590
047000031618
047100023546
047200007680
047300017289
047400025983
047500024642
047600020514
047700024039
047800023370
047900012153
048000005014
048100007992
048200009449
048300024231
048400027236
048500005765
048600032358
048700030420
048800019090
048900018133
049000006088
049100029961
049200007722
049300010033
049400005400
049500019022
049600017203
049700008864
049800003677
049900023465
050000002998
050100006186
050200003999
050300000548
050400015802
050500023255
050600006375
050700002758
050800004935
050900012720
051000007740
051100013975
051200014949
051300022460
051400001958
051500015008
051600021789
051700031748
051800012589
051900016360
052000031094
052100016782
052200027354
052300025463
052400012665
052500016228
052600030900
052700013910
052800031533
052900000142
053000004803
053100015756
053200018586
053300001042
053400025872
053500029217
053600032712
053700015610
053800004002
053900016670
054000031424
054100004686
054200009858
054300002954
054400001929
054500024340
054600012726
054700009837
054800026667
054900029270
055000011592
055100023248
055200021167
055300003867
055400002367
055500026042
055600028956
055700027756
055800010660
055900030771
056000024954
056100013648
056200026238
056300014147
056400013777
056500002255
056600003029
056700015347
056800029738
056900031217
057000022962
057100004938
057200005772
057300004031
057400001052
057500015952
057600002816
057700017728
057800013083
057900012814
058000013197
058100002428
058200000695
058300022411
058400026171
058500016252
058600000761
058700003024
058800027922
058900015943
059000014312
059100008163
059200001563
059300020709
059400006540
059500022734
059600025437
059700013919
059800005102
059900028569
060000010976
060100008636
060200001813
060300004426
060400030381
060500014852
060600018185
060700024299
060800021707
060900006720
061000007123
061100028035
061200018242
061300020855
061400016762
061500017947
061600017435
061700025265
061800026630
061900026042
062000013661
062100017654
062200013184
062300015720
062400030992
062500025423
062600015343
062700012845
062800024893
062900007363
063000003419
063100007442
063200013291
063300017499
063400010189
063500019230
063600011042
063700008478
063800032587
063900032090
064000029930
064100028180
064200031712
064300026828
064400013132
064500023109
064600031121
064700013950
064800031823
064900002234
065000018536
065100000888
065200023036
065300004218
065400011372
065500024768
065600019033
065700031885
065800023973
065900021344
066000016241
066100019452
066200002076
066300021600
066400008009
066500029134
066600019416
066700020678
066800017387
066900021771
067000015585
067100010652
067200031582
067300020667
067400025408
067500013290
067600001962
067700013287
067800015100
067900014518
068000007896
068100016791
068200013341
068300029962
068400027374
068500012497
068600012972
068700006637
068800002551
068900011423
069000003760
069100019560
069200003576
069300021512
069400005169
069500009601
069600031995
069700014869
069800000824
069900012866
070000020743
070100026060
070200004043
070300029619
070400030757
070500021047
070600025077
070700024283
070800021596
070900028254
071000005563
071100023746
071200015284
071300007495
071400015143
071500019056
071600030773
071700013820
071800022080
071900030958
072000018408
072100000901
072200024334
072300011587
072400023764
072500017640
072600016794
072700008311
072800023809
072900011567
073000024043
073100032659
073200025208
073300025442
073400002057
073500027549
073600031552
073700000647
073800002045
073900031136
074000010593
074100006568
074200006606
074300012961
074400025316
074500011212
074600028036
074700005034
074800004560
074900012284
075000010024
075100003522
075200005165
075300004415
075400024257
075500001522
075600015364
075700011933
075800008279
075900021825
076000020316
076100023326
076200027635
076300018615
076400002109
076500024011
076600013723
076700008540
076800005295
076900029099
077000025946
077100005177
077200005819
077300017862
077400022325
077500019029
077600009320
077700032037
077800023350
077900024760
078000018367
078100011983
078200013668
078300026731
078400032454
078500026060
078600007623
078700026229
078800015239
078900008485
079000016488
079100021470
079200025610
079300021473
079400015694
079500007599
079600021077
079700025864
079800010369
079900009455
080000021618
080100012195
080200002570
080300016038
080400011369
080500000697
080600024048
080700013276
080800004160
080900008530
081000005179
081100016794
081200010753
081300017014
081400004340
081500006375
081600006068
081700004398
081800011298
081900024268
082000027487
082100011393
082200012749
082300011344
082400011020
082500010104
082600025085
082700003707
082800020674
082900002330
083000028859
083100001621
083200019082
083300019567
083400001550
083500002279
083600031339
083700024703
083800015871
083900032568
084000013933
084100010323
084200010389
084300018000
084400018584
084500031474
084600018904
084700012088
084800028405
084900009060
085000006608
085100032503
085200023435
085300024754
085400001158
085500028309
085600013410
085700026083
085800027137
085900011035
086000004995
086100023039
086200007753
086300021904
086400001781
086500022543
086600026983
086700000764
086800004288
086900028441
087000001890
087100015464
087200009965
087300008744
087400010306
087500032475
087600013187
087700026689
087800028688
087900015197
088000005258
088100011374
088200030419
088300022262
088400007179
088500019894
088600018579
088700010927
088800004108
088900007970
089000025944
089100000911
089200010904
089300026552
089400016683
089500008862
089600006580
089700025218
089800017427
089900015589
090000032618
090100016008
090200018969
090300031595
090400029121
090500007889
090600009028
090700031545
090800031426
090900006757
091000005020
091100019797
091200006259
091300015436
091400021289
091500030409
091600015582
091700000910
091800003572
091900028829
092000019979
092100025396
092200025604
092300010199
092400009728
092500016966
092600026977
092700032129
092800004807
092900031690
093000009748
093100018082
093200022120
093300024266
093400005668
093500019523
093600009961
093700011853
093800010649
093900019307
094000011860
094100008540
094200017532
094300029986
094400002736
094500025342
094600016084
094700028272
094800019974
094900004667
095000025769
095100020574
095200032349
095300016923
095400030211
095500010227
095600005565
095700031143
095800009963
095900030264
096000000559
096100013286
096200008040
096300012339
096400009657
096500024545
096600031619
096700016110
096800022118
096900024734
097000019267
097100032625
097200024123
097300003367
097400004784
097500017090
097600031554
097700012420
097800018898
097900019947
098000024450
098100002491
098200023730
098300023028
098400012547
098500019414
098600011095
098700005091
098800002510
098900007644
099000002505
099100007362
099200030698
099300006870
099400016401
099500002456
099600032095
099700020939
099800002614
099900025454
